1 0 
1 0 
2 1 0 
2 1 0 
1 0 3 2 
1 0 3 2 
2 1 3 4 0 
2 1 3 4 0 
3 2 4 0 5 1 
3 2 4 0 5 1 
1 3 2 6 0 4 5 
1 3 2 6 0 4 5 
1 4 7 2 0 3 5 6 
1 4 7 2 0 3 5 6 
3 5 7 8 2 4 6 1 0 
3 5 7 8 2 4 6 1 0 
3 5 7 8 2 4 6 1 0 
8 7 6 5 4 3 2 1 0 
3 5 7 8 2 4 6 1 0 
3 5 7 8 2 4 6 1 0 
1 4 7 2 0 3 5 6 
1 3 2 6 0 4 5 
1 3 2 6 0 4 5 
3 2 4 0 5 1 
3 2 4 0 5 1 
2 1 3 4 0 
2 1 3 4 0 
1 0 3 2 
1 0 3 2 
2 1 0 
2 1 0 
1 0 
0 
1 0 
1 0 
1 0 
2 1 0 
2 1 0 
2 1 0 
1 0 3 2 
1 0 3 2 
1 0 3 2 
2 1 3 4 0 
2 1 3 4 0 
2 1 3 4 0 
3 2 4 0 5 1 
3 2 4 0 5 1 
3 2 4 0 5 1 
3 2 4 0 5 1 
3 2 4 0 5 1 
3 2 4 0 5 1 
3 2 4 0 5 1 
3 2 4 0 5 1 
3 2 4 0 5 1 
2 1 3 4 0 
1 0 3 2 
1 0 3 2 
1 0 3 2 
1 0 3 2 
1 0 3 2 
2 1 0 
1 0 
1 0 
1 0 
0 
0 
1 0 
1 0 
1 0 
1 0 
1 0 
2 1 0 
2 1 0 
2 1 0 
2 1 0 
1 0 3 2 
2 1 3 4 0 
2 1 0 
1 0 3 2 
1 0 3 2 
1 0 3 2 
1 0 3 2 
1 0 3 2 
1 0 3 2 
1 0 3 2 
1 0 3 2 
1 0 3 2 
1 0 3 2 
2 1 0 
2 1 0 
2 1 0 
2 1 0 
1 0 
1 0 
1 0 
1 0 
0 
0 
0 
1 0 
1 0 
1 0 
1 0 
1 0 
2 1 0 
1 0 
1 0 
2 1 0 
1 0 3 2 
1 0 
2 1 0 
2 1 0 
2 1 0 
2 1 0 
2 1 0 
2 1 0 
2 1 0 
2 1 0 
2 1 0 
2 1 0 
1 0 
1 0 
1 0 
2 1 0 
1 0 
1 0 
1 0 
1 0 
0 
0 
0 
0 
1 0 
1 0 
2 1 0 
0 
2 1 0 
1 0 
1 0 
1 0 
2 1 0 
2 1 0 
1 0 
1 0 
1 0 
1 0 
1 0 
1 0 
1 0 
1 0 
1 0 
1 0 
1 0 
1 0 
2 1 0 
1 0 
1 0 
1 0 
1 0 
2 1 0 
