1 0 
1 0 
2 1 0 
2 1 0 
1 0 3 2 
1 0 3 2 
2 1 3 4 0 
2 1 3 4 0 
3 2 4 0 5 1 
3 2 4 0 5 1 
1 3 2 6 0 4 5 
1 3 2 6 0 4 5 
1 4 7 2 0 3 5 6 
1 4 7 2 0 3 5 6 
3 5 7 8 2 4 6 1 0 
3 5 7 8 2 4 6 1 0 
4 3 5 7 0 1 6 8 9 2 
4 3 5 7 0 1 6 8 9 2 
2 7 8 10 6 3 9 0 4 5 1 
2 7 8 10 6 3 9 0 4 5 1 
3 10 4 9 1 5 8 6 11 0 7 2 
3 10 4 9 1 5 8 6 11 0 7 2 
1 3 5 8 12 10 7 4 11 6 9 0 2 
1 3 5 8 12 10 7 4 11 6 9 0 2 
7 0 11 13 5 8 2 1 12 10 6 4 9 3 
7 0 11 13 5 8 2 1 12 10 6 4 9 3 
1 8 3 13 10 0 6 11 12 9 2 5 7 14 4 
1 8 3 13 10 0 6 11 12 9 2 5 7 14 4 
4 5 9 12 11 14 6 13 10 15 0 2 8 7 3 1 
4 5 9 12 11 14 6 13 10 15 0 2 8 7 3 1 
12 14 0 13 9 5 11 8 4 2 6 1 7 15 10 3 16 
12 14 0 13 9 5 11 8 4 2 6 1 7 15 10 3 16 
12 14 0 13 9 5 11 8 4 2 6 1 7 15 10 3 16 
12 14 0 13 9 5 11 8 4 2 6 1 7 15 10 3 16 
16 15 14 13 12 11 10 9 8 7 6 5 4 3 2 1 0 
12 14 0 13 9 5 11 8 4 2 6 1 7 15 10 3 16 
4 5 9 12 11 14 6 13 10 15 0 2 8 7 3 1 
1 8 3 13 10 0 6 11 12 9 2 5 7 14 4 
1 8 3 13 10 0 6 11 12 9 2 5 7 14 4 
7 0 11 13 5 8 2 1 12 10 6 4 9 3 
7 0 11 13 5 8 2 1 12 10 6 4 9 3 
1 3 5 8 12 10 7 4 11 6 9 0 2 
1 3 5 8 12 10 7 4 11 6 9 0 2 
3 10 4 9 1 5 8 6 11 0 7 2 
3 10 4 9 1 5 8 6 11 0 7 2 
2 7 8 10 6 3 9 0 4 5 1 
2 7 8 10 6 3 9 0 4 5 1 
4 3 5 7 0 1 6 8 9 2 
4 3 5 7 0 1 6 8 9 2 
3 5 7 8 2 4 6 1 0 
3 5 7 8 2 4 6 1 0 
1 4 7 2 0 3 5 6 
1 4 7 2 0 3 5 6 
1 3 2 6 0 4 5 
1 3 2 6 0 4 5 
3 2 4 0 5 1 
3 2 4 0 5 1 
2 1 3 4 0 
2 1 3 4 0 
1 0 3 2 
1 0 3 2 
2 1 0 
2 1 0 
1 0 
1 0 
1 0 
1 0 
1 0 
2 1 0 
2 1 0 
2 1 0 
2 1 3 4 0 
2 1 0 
1 0 3 2 
2 1 3 4 0 
2 1 3 4 0 
2 1 3 4 0 
1 3 2 6 0 4 5 
2 1 3 4 0 
3 2 4 0 5 1 
1 3 2 6 0 4 5 
1 3 2 6 0 4 5 
1 3 2 6 0 4 5 
3 5 7 8 2 4 6 1 0 
1 3 2 6 0 4 5 
1 4 7 2 0 3 5 6 
3 5 7 8 2 4 6 1 0 
3 5 7 8 2 4 6 1 0 
3 5 7 8 2 4 6 1 0 
2 7 8 10 6 3 9 0 4 5 1 
3 5 7 8 2 4 6 1 0 
4 3 5 7 0 1 6 8 9 2 
2 7 8 10 6 3 9 0 4 5 1 
2 7 8 10 6 3 9 0 4 5 1 
2 7 8 10 6 3 9 0 4 5 1 
1 3 5 8 12 10 7 4 11 6 9 0 2 
3 10 4 9 1 5 8 6 11 0 7 2 
3 10 4 9 1 5 8 6 11 0 7 2 
3 10 4 9 1 5 8 6 11 0 7 2 
3 10 4 9 1 5 8 6 11 0 7 2 
2 7 8 10 6 3 9 0 4 5 1 
4 3 5 7 0 1 6 8 9 2 
4 3 5 7 0 1 6 8 9 2 
2 7 8 10 6 3 9 0 4 5 1 
3 5 7 8 2 4 6 1 0 
4 3 5 7 0 1 6 8 9 2 
3 5 7 8 2 4 6 1 0 
1 4 7 2 0 3 5 6 
1 4 7 2 0 3 5 6 
3 5 7 8 2 4 6 1 0 
1 3 2 6 0 4 5 
1 4 7 2 0 3 5 6 
1 3 2 6 0 4 5 
3 2 0 4 1 5 
3 1 0 5 2 4 
1 3 2 6 0 4 5 
2 1 3 4 0 
3 2 4 0 5 1 
2 1 3 4 0 
1 0 3 2 
1 0 3 2 
2 1 3 4 0 
2 1 0 
1 0 3 2 
2 1 0 
1 0 
1 0 
2 1 0 
1 0 
1 0 
1 0 
1 0 
1 0 
1 0 
1 0 
1 0 3 2 
1 0 
2 1 0 
2 1 0 
2 1 3 4 0 
1 0 3 2 
1 0 3 2 
1 0 3 2 
1 0 3 2 
2 1 3 4 0 
2 1 3 4 0 
2 1 3 4 0 
2 1 3 4 0 
3 2 4 0 5 1 
5 1 4 0 3 2 
2 1 3 4 0 
3 2 4 0 5 1 
3 2 4 0 5 1 
1 4 7 2 0 3 5 6 
3 2 4 0 5 1 
1 3 2 6 0 4 5 
1 3 2 6 0 4 5 
3 5 7 8 2 4 6 1 0 
1 4 7 2 0 3 5 6 
1 4 7 2 0 3 5 6 
1 4 7 2 0 3 5 6 
1 4 7 2 0 3 5 6 
1 4 7 2 0 3 5 6 
1 4 7 2 0 3 5 6 
1 4 7 2 0 3 5 6 
1 4 7 2 0 3 5 6 
1 3 2 6 0 4 5 
1 4 7 2 0 3 5 6 
3 2 4 0 5 1 
1 3 2 6 0 4 5 
3 2 4 0 5 1 
1 3 2 6 0 4 5 
2 1 3 4 0 
3 2 4 0 5 1 
3 2 4 0 5 1 
3 2 4 0 5 1 
2 1 3 4 0 
1 0 3 2 
1 0 3 2 
2 1 3 4 0 
2 1 3 4 0 
2 1 0 
1 0 3 2 
1 0 3 2 
2 1 0 
1 0 3 2 
1 0 
2 1 0 
1 0 
2 1 0 
0 
1 0 
1 0 
1 0 
1 0 
1 0 
1 0 
1 0 
1 0 
1 0 
1 0 
1 0 
1 0 
1 0 3 2 
2 1 0 
2 1 0 
2 1 0 
2 1 0 
2 1 0 
2 1 3 4 0 
1 0 3 2 
1 0 3 2 
2 1 0 
1 0 3 2 
1 0 3 2 
1 0 3 2 
1 0 3 2 
5 3 1 0 4 2 
1 0 3 2 
2 1 3 4 0 
2 1 3 4 0 
2 1 3 4 0 
1 3 2 6 0 4 5 
3 2 4 0 5 1 
3 2 4 0 5 1 
3 2 0 4 1 5 
3 2 4 0 5 1 
1 3 0 5 4 2 
1 3 0 5 4 2 
0 5 4 2 1 3 
2 1 3 4 0 
3 2 4 0 5 1 
1 0 3 2 
2 1 3 4 0 
1 0 3 2 
2 1 3 4 0 
2 1 3 4 0 
2 1 0 
1 0 3 2 
1 0 3 2 
1 0 3 2 
1 0 3 2 
2 1 0 
1 0 3 2 
1 0 3 2 
1 0 
2 1 0 
2 1 0 
1 0 
2 1 0 
2 1 0 
0 
1 0 
1 0 
1 0 
1 0 
1 0 
1 0 
1 0 
1 0 
1 0 
1 0 
1 0 
1 0 
1 0 
1 0 
1 0 
1 0 
1 0 
1 0 
1 0 
1 0 
1 0 
1 0 3 2 
2 1 0 
2 1 0 
1 0 
2 1 0 
2 1 0 
2 1 0 
2 1 0 
2 1 0 
1 0 3 2 
1 0 3 2 
1 0 3 2 
1 0 3 2 
1 0 3 2 
1 0 3 2 
1 0 3 2 
1 0 3 2 
1 0 3 2 
1 0 3 2 
1 0 3 2 
1 0 3 2 
1 0 3 2 
1 0 3 2 
1 0 3 2 
1 0 3 2 
2 1 0 
1 0 3 2 
1 0 3 2 
1 0 
2 1 0 
2 1 0 
2 1 0 
2 1 0 
1 0 
2 1 0 
2 1 0 
2 1 0 
0 
1 0 
1 0 
1 0 
1 0 
1 0 
1 0 
1 0 
1 0 
1 0 
1 0 
1 0 
1 0 
1 0 
1 0 
1 0 
1 0 
1 0 
1 0 
1 0 
1 0 
1 0 
1 0 
1 0 
1 0 
1 0 
1 0 
1 0 
1 0 
1 0 
1 0 
1 0 
1 0 
1 0 
1 0 
1 0 
2 1 0 
2 1 0 
2 1 0 
2 1 0 
2 1 0 
2 1 0 
2 1 0 
2 1 0 
2 1 0 
2 1 0 
2 1 0 
2 1 0 
2 1 0 
2 1 0 
2 1 0 
2 1 0 
1 0 
2 1 0 
2 1 0 
2 1 0 
0 
1 0 
1 0 
1 0 
1 0 
1 0 
1 0 
1 0 
1 0 
1 0 
1 0 
1 0 
1 0 
1 0 
1 0 
1 0 
1 0 
1 0 
